13	24	0	0	532	1071	1577	ik_24_neg_frown
21	17	0	0	443	925	1601	hij_17_pos_smile
39	15	0	0	533	909	1947	ze_15_hoog
17	3	0	0	750	1155	1486	ik_3_laag
37	11	1	9	579	1109	1631	ze_11_laag
27	22	1	0	617	1260	1903	hij_22_laag
14	14	1	0	517	956	1331	ik_14_neg_smile
29	52	1	0	590	901	1526	ik_25_pos_frown
34	12	1	0	599	1124	1877	ik_24_neg_frown
24	4	1	0	520	1176	1660	hij_17_pos_smile
39	37	1	0	547	766	1604	ze_15_hoog
12	25	1	0	707	967	1940	ik_3_laag
13	34	1	0	554	1410	2137	ze_11_laag
27	14	1	0	537	884	1472	hij_22_laag
23	36	1	0	1219	1824	2404	ik_14_neg_smile
32	31	1	0	586	825	1609	ik_25_pos_frown
17	29	1	0	494	1023	1902	ik_24_neg_frown
39	17	1	0	469	794	1454	hij_17_pos_smile
19	31	1	0	605	908	1671	ze_15_hoog
21	30	1	0	419	972	1901	ik_3_laag
17	16	1	0	741	1533	2665	ze_11_laag
39	9	1	0	774	1228	2081	hij_22_laag
14	39	1	0	683	1239	2201	ik_14_neg_smile
19	38	1	0	493	822	1653	ik_25_pos_frown
31	15	1	0	428	868	1322	ik_24_neg_frown
34	48	1	0	526	1292	2254	hij_17_pos_smile
39	33	1	0	504	866	1961	ze_15_hoog
12	44	1	0	478	980	2154	ik_3_laag
14	23	1	0	439	1003	1542	ze_11_laag
39	21	1	0	460	775	1842	hij_22_laag
17	52	1	0	605	1490	2510	ik_14_neg_smile
27	2	1	0	870	1308	1952	ik_25_pos_frown
27	38	1	0	504	1473	2428	ik_24_neg_frown
19	34	1	0	491	731	1100	hij_17_pos_smile
29	32	1	0	767	1276	2100	ze_15_hoog
22	39	1	0	517	939	1486	ik_3_laag
32	26	1	0	568	845	1311	ze_11_laag
24	37	1	0	522	900	1955	hij_22_laag
11	40	1	0	478	846	1538	ik_14_neg_smile
23	28	1	0	438	757	1644	ik_25_pos_frown
13	2	1	0	1213	1965	2300	ik_24_neg_frown
19	47	1	0	473	857	1419	hij_17_pos_smile
13	51	1	0	502	950	1516	ze_15_hoog
32	11	1	0	512	1080	2062	ik_3_laag
19	19	1	0	849	1209	1703	ze_11_laag
29	40	1	0	410	820	1360	hij_22_laag
27	46	1	0	797	1460	2126	ik_14_neg_smile
17	49	1	0	453	1158	2115	ik_25_pos_frown
37	43	1	0	526	1194	1954	ik_24_neg_frown
17	21	1	0	398	831	2374	hij_17_pos_smile
33	29	1	0	481	831	1605	ze_15_hoog
12	48	1	0	446	930	1879	ik_3_laag
22	18	1	0	534	963	1968	ze_11_laag
31	22	1	0	491	902	1626	hij_22_laag
32	46	1	0	612	888	1328	ik_14_neg_smile
17	24	1	0	389	792	1767	ik_25_pos_frown
11	45	1	0	682	1293	2214	ik_24_neg_frown
13	19	1	0	755	1406	2041	hij_17_pos_smile
19	51	1	0	540	808	1856	ze_15_hoog
27	50	1	0	582	1070	2012	ik_3_laag
21	27	1	0	682	1029	1495	ze_11_laag
19	46	1	0	571	1180	2135	hij_22_laag
19	7	1	0	717	1278	2466	ik_14_neg_smile
39	1	1	0	569	1036	2246	ik_25_pos_frown
37	23	1	0	554	1646	2367	ik_24_neg_frown
29	8	1	0	771	1109	1917	hij_17_pos_smile
27	34	1	0	467	1318	2028	ze_15_hoog
31	38	1	0	572	1028	1949	ik_3_laag
17	53	1	1	423	952	1720	ze_11_laag
19	22	2	0	615	1201	1664	hij_22_laag
22	3	2	0	819	1147	1477	ik_14_neg_smile
39	29	2	0	527	817	1817	ik_25_pos_frown
19	35	2	0	781	1177	2072	ik_24_neg_frown
11	20	2	0	415	798	1353	hij_17_pos_smile
17	5	2	0	641	1182	1814	ze_15_hoog
27	18	2	0	504	963	1432	ik_3_laag
11	36	2	0	979	1637	2226	ze_11_laag
27	30	2	0	477	1021	1626	hij_22_laag
11	32	2	0	582	799	1524	ik_14_neg_smile
19	50	2	0	559	1197	1820	ik_25_pos_frown
14	11	2	0	518	1207	2223	ik_24_neg_frown
29	16	2	0	682	1010	1955	hij_17_pos_smile
19	18	2	0	532	1026	1895	ze_15_hoog
33	33	2	0	587	1328	2094	ik_3_laag
39	53	2	0	472	838	1316	ze_11_laag
13	35	2	0	625	1084	1623	hij_22_laag
27	10	2	0	569	1095	2576	ik_14_neg_smile
33	8	2	0	724	1110	1760	ik_25_pos_frown
19	43	2	0	487	903	1648	ik_24_neg_frown
39	41	2	0	482	1022	2162	hij_17_pos_smile
37	47	2	0	622	1073	1961	ze_15_hoog
12	41	2	0	630	1078	1515	ik_3_laag
11	28	2	0	481	781	1613	ze_11_laag
17	25	2	0	727	1204	2291	hij_22_laag
17	40	2	0	406	1111	1848	ik_14_neg_smile
14	46	2	0	668	1122	1495	ik_25_pos_frown
17	17	2	0	485	1046	1759	ik_24_neg_frown
14	26	2	0	667	929	1852	hij_17_pos_smile
29	12	2	0	604	1031	1818	ze_15_hoog
29	24	2	0	438	774	2001	ik_3_laag
34	41	2	0	462	990	1409	ze_11_laag
27	26	2	0	574	1007	1993	hij_22_laag
14	3	2	0	933	1422	1756	ik_14_neg_smile
31	35	2	0	872	1387	1910	ik_25_pos_frown
39	49	2	0	454	758	1819	ik_24_neg_frown
39	13	2	0	485	891	1602	hij_17_pos_smile
32	14	2	0	450	1115	1472	ze_15_hoog
21	51	2	0	511	824	1476	ik_3_laag
22	50	2	0	521	1002	1438	ze_11_laag
17	37	2	0	560	940	1645	hij_22_laag
39	5	2	0	573	1042	2269	ik_14_neg_smile
17	44	2	0	732	1533	2793	ik_25_pos_frown
17	12	2	0	530	1206	2046	ik_24_neg_frown
11	33	2	0	513	1209	1910	hij_17_pos_smile
11	49	2	0	605	983	1442	ze_15_hoog
13	30	2	0	425	722	1540	ik_3_laag
34	32	2	0	705	1059	1674	ze_11_laag
23	16	2	0	574	994	2088	hij_22_laag
27	6	2	0	452	1024	1765	ik_14_neg_smile
31	19	2	0	615	1170	1773	ik_25_pos_frown
14	31	2	0	395	633	1528	ik_24_neg_frown
27	42	2	0	535	971	1513	hij_17_pos_smile
17	33	2	0	847	1598	2329	ze_15_hoog
11	16	2	0	592	1065	2088	ik_3_laag
19	42	2	0	489	993	2250	ze_11_laag
34	5	2	0	651	1258	1643	hij_22_laag
12	52	2	0	576	1057	1503	ik_14_neg_smile
11	1	2	0	520	1043	1789	ik_25_pos_frown
19	23	2	0	517	1033	1842	ik_24_neg_frown
19	2	2	0	754	1020	1911	hij_17_pos_smile
17	32	2	0	955	1583	2258	ze_15_hoog
29	28	2	0	437	847	1629	ik_3_laag
11	53	2	2	476	976	2100	ze_11_laag
32	43	3	0	462	876	1744	hij_22_laag
14	43	3	0	486	772	1510	ik_14_neg_smile
23	45	3	0	720	1228	2154	ik_25_pos_frown
17	45	3	0	594	1376	2409	ik_24_neg_frown
17	1	3	0	529	1201	1941	hij_17_pos_smile
12	4	3	0	451	982	1508	ze_15_hoog
17	13	3	0	552	1497	2444	ik_3_laag
29	44	3	0	512	872	1586	ze_11_laag
12	13	3	0	420	752	1528	hij_22_laag
19	54	3	0	445	961	1894	ik_14_neg_smile
19	14	3	0	486	832	1324	ik_25_pos_frown
37	35	3	0	981	1586	2095	ik_24_neg_frown
37	27	3	0	537	831	1158	hij_17_pos_smile
12	37	3	0	550	995	1937	ze_15_hoog
21	47	3	0	466	925	1754	ik_3_laag
24	44	3	0	655	1226	2343	ze_11_laag
13	47	3	0	461	982	1785	hij_22_laag
11	29	3	0	389	656	1430	ik_14_neg_smile
23	21	3	0	350	662	1063	ik_25_pos_frown
14	6	3	0	655	1219	2515	ik_24_neg_frown
13	27	3	0	610	909	1347	hij_17_pos_smile
21	34	3	0	585	1073	1572	ze_15_hoog
17	28	3	0	606	1550	2780	ik_3_laag
14	18	3	0	496	948	1974	ze_11_laag
11	21	3	0	333	564	1020	hij_22_laag
29	36	3	0	941	1248	1830	ik_14_neg_smile
13	38	3	0	464	840	1759	ik_25_pos_frown
19	3	3	0	905	1290	2165	ik_24_neg_frown
39	45	3	0	598	1027	2129	hij_17_pos_smile
37	7	3	0	629	1009	1579	ze_15_hoog
33	20	3	0	526	740	1317	ik_3_laag
12	12	3	0	416	1015	1728	ze_11_laag
13	54	3	0	423	899	1683	hij_22_laag
11	8	3	0	668	1424	2343	ik_14_neg_smile
34	25	3	0	745	993	1863	ik_25_pos_frown
33	40	3	0	415	658	1310	ik_24_neg_frown
31	2	3	0	1010	1622	2025	hij_17_pos_smile
34	52	3	0	534	883	1359	ze_15_hoog
21	54	3	0	404	838	1680	ik_3_laag
37	51	3	0	521	892	1368	ze_11_laag
37	19	3	0	701	1417	2095	hij_22_laag
17	48	3	0	502	1246	2012	ik_14_neg_smile
27	54	3	0	496	1367	1994	ik_25_pos_frown
37	15	3	0	699	1522	2267	ik_24_neg_frown
19	30	3	0	302	809	1907	hij_17_pos_smile
33	49	3	0	569	1069	1506	ze_15_hoog
22	6	3	0	443	700	1895	ik_3_laag
17	4	3	0	536	961	1560	ze_11_laag
13	22	3	0	619	1096	1858	hij_22_laag
19	11	3	0	659	1104	2289	ik_14_neg_smile
19	10	3	0	559	861	2219	ik_25_pos_frown
14	50	3	0	558	1074	1617	ik_24_neg_frown
24	13	3	0	427	769	1538	hij_17_pos_smile
29	4	3	0	561	848	1965	ze_15_hoog
17	41	3	0	591	1002	2311	ik_3_laag
33	1	3	0	589	1312	2068	ze_11_laag
39	25	3	0	713	1239	2605	hij_22_laag
37	31	3	0	662	1321	1845	ik_14_neg_smile
19	26	3	0	554	1033	1850	ik_25_pos_frown
12	5	3	0	682	1240	1907	ik_24_neg_frown
23	53	3	0	417	872	1917	hij_17_pos_smile
13	15	3	0	596	1141	1586	ze_15_hoog
32	23	3	0	567	900	1466	ik_3_laag
27	32	3	3	807	1367	1955	ze_11_laag
27	16	4	0	661	1403	2443	hij_22_laag
12	19	4	0	616	1260	1966	ik_14_neg_smile
39	51	4	0	589	916	2208	ik_25_pos_frown
29	46	4	0	584	1165	2184	ik_24_neg_frown
31	48	4	0	426	884	1898	hij_17_pos_smile
17	47	4	0	508	1006	1898	ze_15_hoog
11	46	4	0	731	1025	1477	ik_3_laag
32	33	4	0	573	1329	2034	ze_11_laag
31	52	4	0	444	900	1351	hij_22_laag
11	6	4	0	482	734	1827	ik_14_neg_smile
39	7	4	0	708	1298	2510	ik_25_pos_frown
32	31	4	0	707	964	1493	ik_24_neg_frown
12	15	4	0	478	912	1380	hij_17_pos_smile
19	21	4	0	357	786	1868	ze_15_hoog
27	4	4	0	581	1001	1628	ik_3_laag
37	1	4	0	589	1188	1904	ze_11_laag
19	41	4	0	524	1098	2293	hij_22_laag
19	52	4	0	528	883	1580	ik_14_neg_smile
11	11	4	0	753	1398	2510	ik_25_pos_frown
24	27	4	0	806	1050	1518	ik_24_neg_frown
27	28	4	0	521	1358	2491	hij_17_pos_smile
12	51	4	0	533	900	1432	ze_15_hoog
13	41	4	0	570	1209	1680	ik_3_laag
29	34	4	0	608	867	1222	ze_11_laag
31	5	4	0	741	1206	1591	hij_22_laag
19	1	4	0	506	1013	2231	ik_14_neg_smile
17	42	4	0	525	1027	1735	ik_25_pos_frown
19	49	4	0	503	848	1858	ik_24_neg_frown
27	12	4	0	559	1130	1905	hij_17_pos_smile
21	13	4	0	436	883	1524	ze_15_hoog
39	31	4	0	729	1004	1704	ik_3_laag
23	50	4	0	636	1147	1693	ze_11_laag
33	46	4	0	692	1134	1535	hij_22_laag
21	44	4	0	499	1022	2288	ik_14_neg_smile
13	48	4	0	600	1360	2336	ik_25_pos_frown
17	26	4	0	630	1036	2070	ik_24_neg_frown
13	25	4	0	424	858	1463	hij_17_pos_smile
17	30	4	0	468	1145	1813	ze_15_hoog
33	43	4	0	459	789	1613	ik_3_laag
12	27	4	0	701	1044	1468	ze_11_laag
11	14	4	0	460	1170	1546	hij_22_laag
19	40	4	0	445	847	1324	ik_14_neg_smile
19	29	4	0	426	696	1668	ik_25_pos_frown
27	44	4	0	542	1438	2620	ik_24_neg_frown
13	44	4	0	559	1128	2348	hij_17_pos_smile
37	33	4	0	767	1527	2259	ze_15_hoog
23	18	4	0	487	926	1980	ik_3_laag
13	32	4	0	726	1097	1706	ze_11_laag
11	23	4	0	523	846	1413	hij_22_laag
31	12	4	0	478	1091	1808	ik_14_neg_smile
21	4	4	0	448	1046	1553	ik_25_pos_frown
14	21	4	0	333	639	1047	ik_24_neg_frown
17	43	4	0	556	1385	2149	hij_17_pos_smile
19	24	4	0	435	785	2156	ze_15_hoog
13	13	4	0	413	771	1465	ik_3_laag
37	25	4	0	782	1204	2251	ze_11_laag
29	22	4	0	538	1086	1536	hij_22_laag
13	37	4	0	1085	1771	2284	ik_14_neg_smile
13	4	4	0	547	1204	1691	ik_25_pos_frown
37	5	4	0	565	1043	1630	ik_24_neg_frown
37	49	4	0	425	1135	2013	hij_17_pos_smile
19	28	4	0	364	743	1741	ze_15_hoog
19	53	4	0	398	808	1322	ik_3_laag
19	32	4	4	690	1241	2014	ze_11_laag
37	53	5	0	445	940	1613	hij_22_laag
29	38	5	0	570	896	1572	ik_14_neg_smile
12	47	5	0	477	874	1649	ik_25_pos_frown
34	15	5	0	554	1060	1525	ik_24_neg_frown
14	16	5	0	595	1016	2081	hij_17_pos_smile
39	11	5	0	525	893	2021	ze_15_hoog
12	35	5	0	788	1298	1791	ik_3_laag
17	46	5	0	912	1600	2259	ze_11_laag
14	20	5	0	388	601	1121	hij_22_laag
32	1	5	0	600	1091	1855	ik_14_neg_smile
23	3	5	0	880	1321	1635	ik_25_pos_frown
37	29	5	0	453	875	1676	ik_24_neg_frown
14	36	5	0	985	1364	1942	hij_17_pos_smile
17	27	5	0	533	835	1154	ze_15_hoog
24	30	5	0	388	615	1519	ik_3_laag
17	51	5	0	454	845	1372	ze_11_laag
29	42	5	0	552	1034	2178	hij_22_laag
33	23	5	0	604	1180	1761	ik_14_neg_smile
12	2	5	0	1060	1650	2053	ik_25_pos_frown
14	53	5	0	424	898	1938	ik_24_neg_frown
17	31	5	0	751	1515	2156	hij_17_pos_smile
29	18	5	0	553	1011	1882	ze_15_hoog
19	5	5	0	568	1086	2340	ik_3_laag
19	36	5	0	909	1240	1813	ze_11_laag
37	45	5	0	515	1142	2039	hij_22_laag
39	19	5	0	649	1002	1499	ik_14_neg_smile
29	10	5	0	640	882	2212	ik_25_pos_frown
17	23	5	0	476	1585	2321	ik_24_neg_frown
17	50	5	0	554	1015	1895	hij_17_pos_smile
19	12	5	0	412	716	1604	ze_15_hoog
32	20	5	0	419	860	1369	ik_3_laag
17	54	5	0	410	1306	1983	ze_11_laag
19	37	5	0	485	703	1397	hij_22_laag
13	52	5	0	608	1043	1494	ik_14_neg_smile
32	29	5	0	467	701	1471	ik_25_pos_frown
11	26	5	0	585	889	1340	ik_24_neg_frown
17	10	5	0	668	1216	2908	hij_17_pos_smile
31	41	5	0	627	1060	1428	ze_15_hoog
14	40	5	0	411	674	1396	ik_3_laag
19	33	5	0	467	890	2048	ze_11_laag
19	9	5	0	743	1246	2098	hij_22_laag
39	3	5	0	910	1217	2138	ik_14_neg_smile
21	32	5	0	776	992	1572	ik_25_pos_frown
37	17	5	0	493	1087	1686	ik_24_neg_frown
11	3	5	0	774	1103	1386	hij_17_pos_smile
32	40	5	0	427	746	1365	ze_15_hoog
39	35	5	0	887	1246	2096	ik_3_laag
14	29	5	0	454	793	1562	ze_11_laag
34	2	5	0	1135	1898	2336	hij_22_laag
12	34	5	0	532	1059	1475	ik_14_neg_smile
37	21	5	0	406	820	2151	ik_25_pos_frown
29	50	5	0	640	1231	1867	ik_24_neg_frown
14	45	5	0	712	1192	1990	hij_17_pos_smile
23	39	5	0	591	1074	1644	ze_15_hoog
22	21	5	0	361	577	1029	ik_3_laag
39	43	5	0	523	961	1665	ze_11_laag
37	37	5	0	556	891	1537	hij_22_laag
13	12	5	0	429	939	1691	ik_14_neg_smile
11	18	5	0	537	998	2057	ik_25_pos_frown
24	34	5	0	568	993	1478	ik_24_neg_frown
12	30	5	0	475	1102	2048	hij_17_pos_smile
12	22	5	0	572	978	1692	ze_15_hoog
27	40	5	0	389	1028	1859	ik_3_laag
23	6	5	5	455	962	2282	ze_11_laag
17	22	6	0	576	1210	1844	hij_22_laag
19	4	6	0	487	793	2051	ik_14_neg_smile
22	36	6	0	986	1604	2152	ik_25_pos_frown
17	38	6	0	508	1425	2352	ik_24_neg_frown
34	19	6	0	833	1409	2038	hij_17_pos_smile
33	14	6	0	471	940	1346	ze_15_hoog
11	50	6	0	504	990	1398	ik_3_laag
17	14	6	0	556	894	1500	ze_11_laag
17	7	6	0	594	976	1583	hij_22_laag
39	47	6	0	494	899	1346	ik_14_neg_smile
11	43	6	0	396	757	1525	ik_25_pos_frown
29	54	6	0	397	809	1706	ik_24_neg_frown
14	33	6	0	710	1000	1558	hij_17_pos_smile
37	41	6	0	621	1075	2430	ze_15_hoog
17	34	6	0	492	1373	2095	ik_3_laag
34	38	6	0	542	1000	1843	ze_11_laag
19	16	6	0	658	973	1986	hij_22_laag
12	54	6	0	428	791	1620	ik_14_neg_smile
33	26	6	0	593	906	1302	ik_25_pos_frown
27	24	6	0	483	884	1840	ik_24_neg_frown
19	25	6	0	684	1296	2600	hij_17_pos_smile
32	8	6	0	647	1353	2102	ze_15_hoog
24	54	6	0	591	1080	1939	ik_3_laag
29	2	6	0	816	1079	2018	ze_11_laag
17	15	6	0	552	1315	2044	hij_22_laag
27	52	6	0	622	1451	2533	ik_14_neg_smile
11	39	6	0	525	966	1515	ik_25_pos_frown
19	44	6	0	609	978	1656	ik_24_neg_frown
13	5	6	0	651	1221	1601	hij_17_pos_smile
14	1	6	0	518	1293	2068	ze_15_hoog
33	11	6	0	509	1159	2156	ik_3_laag
21	37	6	0	534	906	1966	ze_11_laag
19	17	6	0	519	881	1497	hij_22_laag
34	35	6	0	841	1187	1697	ik_14_neg_smile
17	6	6	0	571	1206	1971	ik_25_pos_frown
17	19	6	0	730	1445	2208	ik_24_neg_frown
29	26	6	0	535	959	1724	hij_17_pos_smile
29	14	6	0	564	898	1308	ze_15_hoog
17	18	6	0	596	1066	1536	ik_3_laag
17	35	6	0	930	1590	2117	ze_11_laag
14	49	6	0	535	1055	1519	hij_22_laag
37	13	6	0	460	1419	2128	ik_14_neg_smile
24	51	6	0	557	986	1649	ik_25_pos_frown
19	45	6	0	678	1144	2280	ik_24_neg_frown
22	45	6	0	660	1221	2103	hij_17_pos_smile
29	30	6	0	360	804	1885	ze_15_hoog
14	8	6	0	778	1141	1799	ik_3_laag
14	28	6	0	722	955	1419	ze_11_laag
23	31	6	0	596	1083	1688	hij_22_laag
19	8	6	0	688	1080	1906	ik_14_neg_smile
24	47	6	0	590	1136	1957	ik_25_pos_frown
22	53	6	0	358	797	1851	ik_24_neg_frown
17	2	6	0	776	1406	2186	hij_17_pos_smile
12	38	6	0	546	1045	1963	ze_15_hoog
31	25	6	0	706	909	1841	ik_3_laag
39	23	6	0	584	1034	1739	ze_11_laag
19	13	6	0	452	857	1647	hij_22_laag
22	28	6	0	431	749	1473	ik_14_neg_smile
34	22	6	0	568	984	1734	ik_25_pos_frown
22	16	6	0	575	1121	2204	ik_24_neg_frown
17	11	6	0	649	1228	1778	hij_17_pos_smile
32	49	6	0	412	739	1161	ze_15_hoog
27	48	6	99	506	1202	1939	ik_3_laag
