13	24	0	0	532	1071	1577	ik_24_neg_frown
21	17	0	0	443	925	1601	hij_17_pos_smile
39	15	0	0	533	909	1947	ze_15_hoog
17	3	0	0	750	1155	1486	ik_3_laag
37	19	1	9	701	1417	2095	ze_19_laag
32	43	1	0	462	876	1744	ze_43_pos_frown
11	33	1	0	513	1209	1910	ik_33_pos_smile
21	54	1	0	404	838	1680	hij_54_pos_smile
17	44	1	0	732	1533	2793	ik_44_laag
13	30	1	0	425	722	1540	ik_30_neg_frown
23	45	1	0	720	1228	2154	hij_45_neg_frown
13	54	1	0	423	899	1683	ik_54_neg_frown
11	21	1	0	333	564	1020	ik_21_pos_smile
11	29	1	0	389	656	1430	ik_29_pos_smile
19	54	1	0	445	961	1894	ik_54_hoog
23	53	1	0	417	872	1917	hij_53_neg_frown
12	13	1	0	420	752	1528	ik_13_pos_frown
27	6	1	0	452	1024	1765	hij_6_laag
39	13	1	0	485	891	1602	ze_13_hoog
33	49	1	0	569	1069	1506	ze_49_neg_frown
29	44	1	0	512	872	1586	hij_44_hoog
34	52	1	0	534	883	1359	ze_52_neg_smile
29	28	1	0	437	847	1629	hij_28_hoog
17	12	1	0	530	1206	2046	ik_12_laag
13	27	1	0	610	909	1347	ik_27_neg_frown
17	32	1	0	955	1583	2258	ik_32_laag
14	31	1	0	395	633	1528	ik_31_neg_smile
11	49	1	0	605	983	1442	ik_49_pos_smile
13	15	1	0	596	1141	1586	ik_15_neg_frown
29	4	1	0	561	848	1965	hij_4_hoog
39	45	1	0	598	1027	2129	ze_45_hoog
21	51	1	0	511	824	1476	hij_51_pos_smile
34	41	1	0	462	990	1409	ze_41_neg_smile
37	27	1	0	537	831	1158	ze_27_laag
17	4	1	0	536	961	1560	ik_4_laag
19	2	1	0	754	1020	1911	ik_2_hoog
32	14	1	0	450	1115	1472	ze_14_pos_frown
37	51	1	0	521	892	1368	ze_51_laag
33	40	1	0	415	658	1310	ze_40_neg_frown
37	7	1	0	629	1009	1579	ze_7_laag
21	47	1	0	466	925	1754	hij_47_pos_smile
31	19	1	0	615	1170	1773	ze_19_pos_smile
11	53	1	0	476	976	2100	ik_53_pos_smile
11	16	1	0	592	1065	2088	ik_16_pos_smile
19	3	1	0	905	1290	2165	ik_3_hoog
33	20	1	0	526	740	1317	ze_20_neg_frown
17	33	1	0	847	1598	2329	ik_33_laag
19	23	1	0	517	1033	1842	ik_23_hoog
14	6	1	0	655	1219	2515	ik_6_neg_smile
19	30	1	0	302	809	1907	ik_30_hoog
39	49	1	0	454	758	1819	ze_49_hoog
14	3	1	0	933	1422	1756	ik_3_neg_smile
23	16	1	0	574	994	2088	hij_16_neg_frown
39	5	1	0	573	1042	2269	ze_5_hoog
27	26	1	0	574	1007	1993	hij_26_laag
27	54	1	0	496	1367	1994	hij_54_laag
29	36	1	0	941	1248	1830	hij_36_hoog
31	2	1	0	1010	1622	2025	ze_2_pos_smile
12	37	1	0	550	995	1937	ik_37_pos_frown
19	11	1	0	659	1104	2289	ik_11_hoog
24	44	1	0	655	1226	2343	hij_44_neg_smile
12	4	1	0	451	982	1508	ik_4_pos_frown
13	22	1	0	619	1096	1858	ik_22_neg_frown
37	35	1	0	981	1586	2095	ze_35_laag
19	10	1	0	559	861	2219	ik_10_hoog
22	6	1	0	443	700	1895	hij_6_pos_frown
39	25	1	0	713	1239	2605	ze_25_hoog
12	52	1	0	576	1057	1503	ik_52_pos_frown
13	38	1	1	464	840	1759	ik_38_neg_frown
14	18	2	0	496	948	1974	ik_18_neg_smile
27	42	2	0	535	971	1513	hij_42_laag
17	1	2	0	529	1201	1941	ik_1_laag
17	13	2	0	552	1497	2444	ik_13_laag
17	41	2	0	591	1002	2311	ik_41_laag
21	34	2	0	585	1073	1572	hij_34_pos_smile
12	12	2	0	416	1015	1728	ik_12_pos_frown
11	1	2	0	520	1043	1789	ik_1_pos_smile
14	50	2	0	558	1074	1617	ik_50_neg_smile
34	25	2	0	745	993	1863	ze_25_neg_smile
19	26	2	0	554	1033	1850	ik_26_hoog
34	5	2	0	651	1258	1643	ze_5_neg_smile
17	28	2	0	606	1550	2780	ik_28_laag
23	21	2	0	350	662	1063	hij_21_neg_frown
24	13	2	0	427	769	1538	hij_13_neg_smile
17	48	2	0	502	1246	2012	ik_48_laag
37	31	2	0	662	1321	1845	ze_31_laag
14	43	2	0	486	772	1510	ik_43_neg_smile
19	42	2	0	489	993	2250	ik_42_hoog
13	47	2	0	461	982	1785	ik_47_neg_frown
11	8	2	0	668	1424	2343	ik_8_pos_smile
17	45	2	0	594	1376	2409	ik_45_laag
17	37	2	0	560	940	1645	ik_37_laag
32	23	2	0	567	900	1466	ze_23_pos_frown
34	32	2	0	705	1059	1674	ze_32_neg_smile
37	15	2	0	699	1522	2267	ze_15_laag
19	14	2	0	486	832	1324	ik_14_hoog
12	5	2	0	682	1240	1907	ik_5_pos_frown
22	50	2	0	521	1002	1438	hij_50_pos_frown
33	1	2	0	589	1312	2068	ze_1_neg_frown
31	35	2	0	872	1387	1910	ze_35_pos_smile
37	23	2	0	554	1646	2367	ze_23_laag
11	40	2	0	478	846	1538	ik_40_pos_smile
27	2	2	0	870	1308	1952	hij_2_laag
39	21	2	0	460	775	1842	ze_21_hoog
21	30	2	0	419	972	1901	hij_30_pos_smile
22	3	2	0	819	1147	1477	hij_3_pos_frown
13	2	2	0	1213	1965	2300	ik_2_neg_frown
19	18	2	0	532	1026	1895	ik_18_hoog
14	39	2	0	683	1239	2201	ik_39_neg_smile
31	22	2	0	491	902	1626	ze_22_pos_smile
13	19	2	0	755	1406	2041	ik_19_neg_frown
39	53	2	0	472	838	1316	ze_53_hoog
19	46	2	0	571	1180	2135	ik_46_hoog
37	11	2	0	579	1109	1631	ze_11_laag
17	29	2	0	494	1023	1902	ik_29_laag
27	46	2	0	797	1460	2126	hij_46_laag
33	29	2	0	481	831	1605	ze_29_neg_frown
31	15	2	0	428	868	1322	ze_15_pos_smile
19	35	2	0	781	1177	2072	ik_35_hoog
11	32	2	0	582	799	1524	ik_32_pos_smile
13	34	2	0	554	1410	2137	ik_34_neg_frown
11	45	2	0	682	1293	2214	ik_45_pos_smile
19	50	2	0	559	1197	1820	ik_50_hoog
19	38	2	0	493	822	1653	ik_38_hoog
34	48	2	0	526	1292	2254	ze_48_neg_smile
21	27	2	0	682	1029	1495	hij_27_pos_smile
12	48	2	0	446	930	1879	ik_48_pos_frown
39	37	2	0	547	766	1604	ze_37_hoog
32	46	2	0	612	888	1328	ze_46_pos_frown
14	11	2	0	518	1207	2223	ik_11_neg_smile
29	24	2	0	438	774	2001	hij_24_hoog
39	17	2	0	469	794	1454	ze_17_hoog
23	28	2	2	438	757	1644	hij_28_neg_frown
29	8	3	0	771	1109	1917	hij_8_hoog
12	25	3	0	707	967	1940	ik_25_pos_frown
37	47	3	0	622	1073	1961	ze_47_laag
24	4	3	0	520	1176	1660	hij_4_neg_smile
34	12	3	0	599	1124	1877	ze_12_neg_smile
32	11	3	0	512	1080	2062	ze_11_pos_frown
19	34	3	0	491	731	1100	ik_34_hoog
11	36	3	0	979	1637	2226	ik_36_pos_smile
29	32	3	0	767	1276	2100	hij_32_hoog
17	5	3	0	641	1182	1814	ik_5_laag
11	28	3	0	481	781	1613	ik_28_pos_smile
33	8	3	0	724	1110	1760	ze_8_neg_frown
14	26	3	0	667	929	1852	ik_26_neg_smile
27	14	3	0	537	884	1472	hij_14_laag
23	36	3	0	1219	1824	2404	hij_36_neg_frown
17	16	3	0	741	1533	2665	ik_16_laag
39	41	3	0	482	1022	2162	ze_41_hoog
22	18	3	0	534	963	1968	hij_18_pos_frown
17	25	3	0	727	1204	2291	ik_25_laag
32	26	3	0	568	845	1311	ze_26_pos_frown
27	22	3	0	617	1260	1903	hij_22_laag
19	19	3	0	849	1209	1703	ik_19_hoog
19	51	3	0	540	808	1856	ik_51_hoog
19	43	3	0	487	903	1648	ik_43_hoog
39	33	3	0	504	866	1961	ze_33_hoog
27	18	3	0	504	963	1432	ze_18_laag
14	46	3	0	668	1122	1495	ik_46_neg_smile
17	40	3	0	406	1111	1848	ik_40_laag
12	41	3	0	630	1078	1515	ik_41_pos_frown
17	21	3	0	398	831	2374	ik_21_laag
27	38	3	0	504	1473	2428	hij_38_laag
17	17	3	0	485	1046	1759	ik_17_laag
29	52	3	0	590	901	1526	hij_52_hoog
39	1	3	0	569	1036	2246	ze_1_hoog
14	23	3	0	439	1003	1542	ik_23_neg_smile
13	51	3	0	502	950	1516	ik_51_neg_frown
27	30	3	0	477	1021	1626	hij_30_laag
32	31	3	0	586	825	1609	ze_31_pos_frown
27	10	3	0	569	1095	2576	hij_10_laag
24	37	3	0	522	900	1955	hij_37_neg_smile
29	40	3	0	410	820	1360	hij_40_hoog
19	7	3	0	717	1278	2466	ik_7_hoog
27	50	3	0	582	1070	2012	hij_50_laag
29	16	3	0	682	1010	1955	hij_16_hoog
12	44	3	0	478	980	2154	ik_44_pos_frown
39	9	3	0	774	1228	2081	ze_9_hoog
17	49	3	0	453	1158	2115	ik_49_laag
33	33	3	0	587	1328	2094	ze_33_neg_frown
14	14	3	0	517	956	1331	ik_14_neg_smile
22	39	3	0	517	939	1486	hij_39_pos_frown
27	34	3	0	467	1318	2028	hij_34_laag
37	43	3	0	526	1194	1954	ze_43_laag
19	22	3	0	615	1201	1664	ik_22_hoog
11	20	3	0	415	798	1353	ik_20_pos_smile
29	12	3	0	604	1031	1818	hij_12_hoog
17	24	3	0	389	792	1767	ik_24_laag
17	52	3	0	605	1490	2510	ik_52_laag
19	31	3	0	605	908	1671	ik_31_hoog
31	38	3	0	572	1028	1949	ze_38_pos_smile
19	47	3	0	473	857	1419	ik_47_hoog
13	35	3	0	625	1084	1623	ik_35_neg_frown
39	29	3	0	527	817	1817	ze_29_hoog
17	53	3	0	423	952	1720	ik_53_laag
13	12	3	3	429	939	1691	ik_12_neg_frown
11	50	4	0	504	990	1398	ik_50_pos_smile
14	29	4	0	454	793	1562	ik_29_neg_smile
17	35	4	0	930	1590	2117	ik_35_laag
17	19	4	0	730	1445	2208	ik_19_laag
37	37	4	0	556	891	1537	ze_37_laag
22	16	4	0	575	1121	2204	hij_16_pos_frown
29	14	4	0	564	898	1308	hij_14_hoog
34	38	4	0	542	1000	1843	ze_38_neg_smile
12	22	4	0	572	978	1692	ik_22_pos_frown
19	25	4	0	684	1296	2600	ik_25_hoog
34	22	4	0	568	984	1734	ze_22_neg_smile
17	11	4	0	649	1228	1778	ik_11_laag
19	8	4	0	688	1080	1906	ik_8_hoog
14	1	4	0	518	1293	2068	ik_1_neg_smile
17	54	4	0	410	1306	1983	ik_54_laag
23	6	4	0	455	962	2282	hij_6_neg_frown
29	30	4	0	360	804	1885	hij_30_hoog
23	39	4	0	591	1074	1644	hij_39_neg_frown
29	54	4	0	397	809	1706	hij_54_hoog
19	44	4	0	609	978	1656	ik_44_hoog
17	10	4	0	668	1216	2908	ik_10_laag
34	35	4	0	841	1187	1697	ze_35_neg_smile
14	40	4	0	411	674	1396	ik_40_neg_smile
23	31	4	0	596	1083	1688	hij_31_neg_frown
11	18	4	0	537	998	2057	ik_18_pos_smile
12	30	4	0	475	1102	2048	ik_30_pos_frown
22	36	4	0	986	1604	2152	hij_36_pos_frown
22	21	4	0	361	577	1029	hij_21_pos_frown
27	48	4	0	506	1202	1939	hij_48_laag
29	26	4	0	535	959	1724	hij_26_hoog
13	52	4	0	608	1043	1494	ik_52_neg_frown
24	47	4	0	590	1136	1957	hij_47_neg_smile
27	24	4	0	483	884	1840	hij_24_laag
37	17	4	0	493	1087	1686	ze_17_laag
19	45	4	0	678	1144	2280	ik_45_hoog
31	41	4	0	627	1060	1428	ze_41_pos_smile
33	11	4	0	509	1159	2156	ze_11_neg_frown
14	49	4	0	535	1055	1519	ik_49_neg_smile
11	3	4	0	774	1103	1386	ik_3_pos_smile
17	14	4	0	556	894	1500	ik_14_laag
37	13	4	0	460	1419	2128	ze_13_laag
27	40	4	0	389	1028	1859	hij_40_laag
17	6	4	0	571	1206	1971	ik_6_laag
34	2	4	0	1135	1898	2336	ze_2_neg_smile
12	34	4	0	532	1059	1475	ik_34_pos_frown
17	7	4	0	594	976	1583	ik_7_laag
33	26	4	0	593	906	1302	ze_26_neg_frown
14	33	4	0	710	1000	1558	ik_33_neg_smile
39	23	4	0	584	1034	1739	ze_23_hoog
13	5	4	0	651	1221	1601	ik_5_neg_frown
37	41	4	0	621	1075	2430	ze_41_laag
24	51	4	0	557	986	1649	hij_51_neg_smile
22	45	4	0	660	1221	2103	hij_45_pos_frown
14	8	4	0	778	1141	1799	ik_8_neg_smile
17	15	4	0	552	1315	2044	ik_15_laag
17	2	4	0	776	1406	2186	ik_2_laag
39	47	4	0	494	899	1346	ze_47_hoog
39	43	4	0	523	961	1665	ze_43_hoog
34	19	4	0	833	1409	2038	ze_19_neg_smile
27	52	4	0	622	1451	2533	hij_52_laag
39	35	4	0	887	1246	2096	ze_35_hoog
21	37	4	0	534	906	1966	hij_37_pos_smile
24	54	4	0	591	1080	1939	hij_54_neg_smile
17	38	4	4	508	1425	2352	ik_38_laag
14	45	5	0	712	1192	1990	ik_45_neg_smile
19	4	5	0	487	793	2051	ik_4_hoog
22	53	5	0	358	797	1851	hij_53_pos_frown
19	16	5	0	658	973	1986	ik_16_hoog
32	8	5	0	647	1353	2102	ze_8_pos_frown
29	2	5	0	816	1079	2018	hij_2_hoog
12	38	5	0	546	1045	1963	ik_38_pos_frown
12	54	5	0	428	791	1620	ik_54_pos_frown
17	18	5	0	596	1066	1536	ik_18_laag
17	34	5	0	492	1373	2095	ik_34_laag
24	34	5	0	568	993	1478	hij_34_neg_smile
37	21	5	0	406	820	2151	ze_21_laag
39	3	5	0	910	1217	2138	ze_3_hoog
31	25	5	0	706	909	1841	ze_25_pos_smile
21	32	5	0	776	992	1572	hij_32_pos_smile
14	28	5	0	722	955	1419	ik_28_neg_smile
19	9	5	0	743	1246	2098	ik_9_hoog
32	49	5	0	412	739	1161	ze_49_pos_frown
22	28	5	0	431	749	1473	hij_28_pos_frown
11	43	5	0	396	757	1525	ik_43_pos_smile
32	40	5	0	427	746	1365	ze_40_pos_frown
19	13	5	0	452	857	1647	ik_13_hoog
11	26	5	0	585	889	1340	ik_26_pos_smile
11	39	5	0	525	966	1515	ik_39_pos_smile
19	37	5	0	485	703	1397	ik_37_hoog
32	29	5	0	467	701	1471	ze_29_pos_frown
17	22	5	0	576	1210	1844	ik_22_laag
33	14	5	0	471	940	1346	ze_14_neg_frown
19	33	5	0	467	890	2048	ik_33_hoog
29	50	5	0	640	1231	1867	hij_50_hoog
19	17	5	0	519	881	1497	ik_17_hoog
37	5	5	0	565	1043	1630	ze_5_laag
13	13	5	0	413	771	1465	ik_13_neg_frown
14	20	5	0	388	601	1121	ik_20_neg_smile
33	46	5	0	692	1134	1535	ze_46_neg_frown
12	27	5	0	701	1044	1468	ik_27_pos_frown
39	19	5	0	649	1002	1499	ze_19_hoog
19	52	5	0	528	883	1580	ik_52_hoog
17	30	5	0	468	1145	1813	ik_30_laag
19	49	5	0	503	848	1858	ik_49_hoog
37	53	5	0	445	940	1613	ze_53_laag
17	23	5	0	476	1585	2321	ik_23_laag
29	46	5	0	584	1165	2184	hij_46_hoog
19	41	5	0	524	1098	2293	ik_41_hoog
37	45	5	0	515	1142	2039	ze_45_laag
11	6	5	0	482	734	1827	ik_6_pos_smile
29	42	5	0	552	1034	2178	hij_42_hoog
23	3	5	0	880	1321	1635	hij_3_neg_frown
34	15	5	0	554	1060	1525	ze_15_neg_smile
21	44	5	0	499	1022	2288	hij_44_pos_smile
17	51	5	0	454	845	1372	ik_51_laag
27	4	5	0	581	1001	1628	ze_4_laag
39	51	5	0	589	916	2208	ze_51_hoog
12	47	5	0	477	874	1649	ik_47_pos_frown
32	33	5	0	573	1329	2034	ze_33_pos_frown
12	15	5	0	478	912	1380	ik_15_pos_frown
19	32	5	0	690	1241	2014	ik_32_hoog
31	48	5	0	426	884	1898	ze_48_pos_smile
31	5	5	0	741	1206	1591	ze_5_pos_smile
29	22	5	0	538	1086	1536	hij_22_hoog
13	48	5	0	600	1360	2336	ik_48_neg_frown
17	43	5	0	556	1385	2149	ik_43_laag
13	25	5	0	424	858	1463	ik_25_neg_frown
37	25	5	5	782	1204	2251	ze_25_laag
13	32	6	0	726	1097	1706	ik_32_neg_frown
39	7	6	0	708	1298	2510	ze_7_hoog
37	29	6	0	453	875	1676	ze_29_laag
12	2	6	0	1060	1650	2053	ik_2_pos_frown
19	1	6	0	506	1013	2231	ik_1_hoog
17	27	6	0	533	835	1154	ik_27_laag
13	44	6	0	559	1128	2348	ik_44_neg_frown
19	24	6	0	435	785	2156	ik_24_hoog
14	16	6	0	595	1016	2081	ik_16_neg_smile
12	19	6	0	616	1260	1966	ik_19_pos_frown
29	34	6	0	608	867	1222	hij_34_hoog
14	21	6	0	333	639	1047	ik_21_neg_smile
27	44	6	0	542	1438	2620	hij_44_laag
29	38	6	0	570	896	1572	hij_38_hoog
11	23	6	0	523	846	1413	ik_23_pos_smile
37	1	6	0	589	1188	1904	ze_1_laag
19	21	6	0	357	786	1868	ik_21_hoog
11	46	6	0	731	1025	1477	ik_46_pos_smile
31	52	6	0	444	900	1351	ze_52_pos_smile
13	37	6	0	1085	1771	2284	ik_37_neg_frown
27	28	6	0	521	1358	2491	hij_28_laag
17	31	6	0	751	1515	2156	ik_31_laag
21	4	6	0	448	1046	1553	hij_4_pos_smile
27	16	6	0	661	1403	2443	hij_16_laag
31	12	6	0	478	1091	1808	ze_12_pos_smile
17	47	6	0	508	1006	1898	ik_47_laag
19	40	6	0	445	847	1324	ik_40_hoog
12	35	6	0	788	1298	1791	ik_35_pos_frown
19	53	6	0	398	808	1322	ik_53_hoog
17	26	6	0	630	1036	2070	ik_26_laag
39	31	6	0	729	1004	1704	ze_31_hoog
14	53	6	0	424	898	1938	ik_53_neg_smile
19	36	6	0	909	1240	1813	ik_36_hoog
24	27	6	0	806	1050	1518	hij_27_neg_smile
14	36	6	0	985	1364	1942	ik_36_neg_smile
13	4	6	0	547	1204	1691	ik_4_neg_frown
19	28	6	0	364	743	1741	ik_28_hoog
39	11	6	0	525	893	2021	ze_11_hoog
37	33	6	0	767	1527	2259	ze_33_laag
11	11	6	0	753	1398	2510	ik_11_pos_smile
32	31	6	0	707	964	1493	ze_31_pos_frown
17	46	6	0	912	1600	2259	ik_46_laag
17	42	6	0	525	1027	1735	ik_42_laag
29	18	6	0	553	1011	1882	hij_18_hoog
23	50	6	0	636	1147	1693	hij_50_neg_frown
37	49	6	0	425	1135	2013	ze_49_laag
17	50	6	0	554	1015	1895	ik_50_laag
19	5	6	0	568	1086	2340	ik_5_hoog
23	18	6	0	487	926	1980	hij_18_neg_frown
19	29	6	0	426	696	1668	ik_29_hoog
33	43	6	0	459	789	1613	ze_43_neg_frown
32	20	6	0	419	860	1369	ze_20_pos_frown
29	10	6	0	640	882	2212	hij_10_hoog
24	30	6	0	388	615	1519	hij_30_neg_smile
19	12	6	0	412	716	1604	ik_12_hoog
27	12	6	0	559	1130	1905	hij_12_laag
32	1	6	0	600	1091	1855	ze_1_pos_frown
12	51	6	0	533	900	1432	ik_51_pos_frown
13	41	6	0	570	1209	1680	ik_41_neg_frown
27	32	6	0	807	1367	1955	hij_32_laag
11	14	6	0	460	1170	1546	ik_14_pos_smile
21	13	6	0	436	883	1524	hij_13_pos_smile
33	23	6	99	604	1180	1761	ze_23_neg_frown
